1
10000 3559 1386
2049 1159
2157 3940
5262 4023
7500 4224
5622 5543
4196 5032
8736 6309
4163 5048
6302 4072
4820 6882
3677 4278
6580 8396
439 107
208 8362
8991 3767
9748 7392
1278 1906
1332 2892
2281 5185
7116 4255
728 1312
9287 5816
3973 3451
7216 276
3875 2036
3510 7552
2666 6442
2301 3106
6550 8861
1468 1893
8980 7568
9285 258
5826 6969
3150 4459
2154 266
8714 2882
7930 8002
5050 1903
7805 2266
8531 1680
4302 8393
9232 3321
4836 7885
2779 1386
6746 599
3279 5726
8167 2564
2336 346
9533 1838
4805 1688
2104 9872
922 6386
4226 2325
4642 2031
4591 3173
3711 5246
1567 9295
8567 2755
7181 1346
4141 279
1945 7420
2358 6464
6336 4694
6810 5869
6533 7968
3909 4989
4192 1184
1376 8418
3509 6018
449 8100
9698 512
7110 9807
8265 9865
3340 5963
358 3620
4260 7778
2330 725
466 7024
3887 9909
8207 6597
4899 2399
4133 2627
817 3994
8645 7618
8447 4188
8130 8145
7651 7938
2763 3868
7630 8726
579 7602
2987 8357
9932 64
8824 6957
303 1512
3218 8511
4461 4469
7262 8595
7096 4432
8941 2093
2050 7388
2634 181
5534 6637
4471 8297
6857 2101
3375 7436
9704 2714
2146 9636
2778 7322
2945 9434
5186 2516
4297 9647
6985 1559
4594 434
5991 3536
2527 8042
924 1513
8223 2810
8150 9046
1107 5008
1147 4483
8796 7203
7197 942
3192 6328
8264 6137
5762 3450
5005 59
9450 1991
7970 4044
2425 3962
3932 1304
8356 1209
2818 2931
4019 968
1977 1479
2328 9476
5962 1125
6680 9511
8419 2191
6684 2361
4305 6486
7367 4364
5936 9358
8687 9981
8135 9001
265 9439
7357 1474
8609 6640
1846 5930
8617 3325
4610 8093
5150 5735
4155 7349
7342 7191
9711 1647
2364 3430
9614 9140
7403 5947
7275 6404
6212 3066
113 4039
8028 6753
5885 3958
5370 5562
8568 9815
1201 656
941 6351
1163 8290
45 8354
4353 8045
6761 7783
7997 6923
4164 3944
550 6920
6509 9969
7033 6900
9137 3786
1955 9156
4699 6875
5323 5900
7531 2616
8603 8694
907 8649
3400 1612
3046 1784
9396 6159
9781 2671
323 78
3222 7243
2939 3191
4276 6191
7540 4414
5328 9495
3570 6379
6370 5245
2279 254
7862 7234
8948 5121
2235 8701
6733 5281
485 2481
1440 6618
1505 8115
6696 1079
1710 5987
4270 2338
2178 8162
6752 3858
7657 6674
237 379
1920 8868
633 9782
6103 5934
1255 4690
4635 7988
9972 5120
6822 7764
1738 8327
2232 4787
9406 3942
774 28
2633 9305
8190 9385
3163 5847
6060 3401
2578 4332
8621 3212
9146 4724
1721 9415
133 6061
5739 5253
2883 9855
3343 1210
2087 4482
616 2382
5257 6996
5015 4562
7725 4400
7385 6812
7478 9964
7496 6100
9528 7962
7176 5026
6035 2943
5159 2097
5034 6764
4980 4890
3329 4590
3159 5711
6199 156
726 7113
1694 1190
9080 4643
8669 9044
8492 1121
4924 2806
8842 9950
7593 5109
939 1873
2271 7517
8332 4814
7199 9274
7974 2910
1825 9989
8938 6176
7820 129
1608 8815
7307 7004
2623 1928
114 7272
1878 5308
4865 6987
2599 7493
5212 4870
1362 9897
9685 8561
9171 4011
7824 997
8493 7813
6287 1021
1985 2768
2630 800
7918 9634
4460 541
7915 926
7814 9793
6234 9031
3133 8833
6524 4697
3703 4239
2800 9740
118 3751
624 7467
8596 4789
3754 5970
6774 2875
8600 3927
793 4586
8387 7687
2501 9313
1853 8647
1899 7236
1780 732
3761 6477
787 8000
7424 528
7152 7542
631 4129
1361 9228
8918 1467
5198 2045
4342 150
5972 1488
1088 711
9175 9942
6376 7380
8589 8275
4616 6721
5359 4729
9550 6146
9081 3326
3026 2586
868 3658
6715 8581
9238 49
788 4030
4391 7290
6354 5879
4730 3417
1406 4672
9613 5138
4420 6107
2686 6131
7188 2237
8630 6270
5563 1656
5208 2784
1666 7717
7256 260
7766 8044
4291 2158
5334 6997
4389 6417
415 5796
1089 6560
934 7055
7333 7041
9741 3464
582 8330
8446 3204
246 6455
8412 3030
8121 6687
747 5378
6947 4866
9774 7590
3376 1461
940 7765
7878 1355
3561 5319
4267 848
2374 1600
4241 2116
1417 4823
6798 9863
8027 7044
6318 6439
6426 792
9478 3526
2522 8392
2296 368
1768 3757
1308 7987
9015 9447
3307 3283
6647 5681
4883 888
4149 2652
2064 948
7992 91
771 5978
8500 5139
2689 7149
1860 809
906 9520
6694 8894
8536 6141
2201 1819
3054 4234
29 4736
2059 5684
4575 9761
1419 799
2092 1448
6944 1624
4137 4093
3484 1298
1352 3005
7993 7893
486 8799
9712 9627
6008 9118
4121 1177
4453 6157
2538 2989
8218 761
9689 310
894 1138
3606 8870
5275 7700
8707 2926
9052 1712
919 5650
9605 1405
801 5669
7384 186
1139 3392
660 7845
6817 773
835 9355
5343 7948
9045 2005
5194 6535
5612 4064
1810 3312
2771 8716
4366 2007
6792 9765
5167 8813
9953 1705
542 2365
4974 4739
9183 2099
1926 7443
9874 287
9448 5068
9133 1412
4985 8256
6073 3440
9092 4433
4158 5884
4198 9325
1050 7699
1031 7355
4593 2329
9333 5283
4428 1259
6526 1871
1134 6813
7672 2554
9988 9084
8039 1325
161 6296
7398 5388
8183 464
7624 2381
9789 81
7172 4674
3273 4710
359 8556
5491 1619
5082 3714
9105 8248
8236 1659
6823 9699
5913 3336
2347 3311
9641 7735
7847 105
1711 228
6247 3090
6661 3419
5471 7688
3044 182
8047 1601
2025 6683
1283 5123
7126 3135
5871 301
9186 3637
1533 5096
3278 5620
3683 9736
9523 5983
6773 2537
5754 2245
225 8779
4624 400
804 643
3435 6543
2118 4719
21 590
2375 4439
6663 2324
3823 6294
7944 3118
6030 1628
8993 2013
4753 1530
7767 6998
8107 6566
2129 2732
3318 2933
9727 6754
5829 1845
7825 2202
8877 8415
4242 7142
5540 6567
7317 1834
863 435
4216 2491
5781 6229
3597 7311
349 595
1771 3267
2725 855
6586 2010
7839 2427
2230 42
2284 5271
6473 9427
7163 3040
6744 5350
3903 3532
9566 2747
6344 2148
2976 2497
3291 1099
5764 6016
1954 8702
4379 2536
2042 2218
1316 5911
8612 3546
8196 235
19 7623
7399 9411
719 2749
9667 4251
8667 2414
9916 815
5110 9245
9664 8401
344 1781
770 2299
483 5149
1187 8878
3719 2503
2402 8684
2985 8919
8773 6960
2670 4537
7680 5419
4204 8283
4552 7606
1728 3797
7271 6481
7251 5404
6440 5887
2400 7628
1117 6120
6483 2259
1156 5237
5244 75
2746 8557
4900 2589
4517 9104
872 5722
1776 8915
3802 5573
9715 6635
7942 2507
6487 2639
2971 5111
9910 6267
4560 5154
6343 4923
63 5441
9823 6310
8927 9877
7619 1001
1653 6534
1155 7227
9072 7791
3294 3366
1678 5801
3547 669
2289 1198
1108 2048
2524 2615
4743 7448
2678 184
6495 1683
2551 1560
4114 3552
3213 7000
4708 6072
8851 86
5790 6881
2240 5689
7550 881
3240 3331
2493 700
1732 5017
3315 6475
8817 2346
3012 6089
381 5859
8640 1941
6325 8544
1506 9604
8299 5749
8455 4737
7891 5336
6977 3580
2887 7858
6820 2570
6703 7521
7130 8073
6890 5886
142 9331
7971 2353
8208 8678
2868 6067
8355 2472
928 456
9103 8347
6264 2433
1927 9151
291 5100
1722 3347
2621 2376
1420 6161
9506 8310
7642 6000
8315 8353
1965 2876
3383 4833
8943 8090
7306 3309
8546 8764
3245 850
1197 1525
6625 7841
5598 1188
6804 2608
1759 6311
7270 159
2311 1264
8475 7017
3230 7703
6646 4415
4843 6307
1423 2659
8973 864
6216 6814
3841 644
4354 5791
3902 3314
111 584
4062 8775
1849 8889
2144 1431
6592 8896
5846 9590
3739 3920
2249 3481
6579 3672
2820 6441
2645 36
2657 5811
3877 9653
165 9668
7102 9831
9922 3565
416 3984
2340 2873
4484 48
5817 9733
2246 5407
3472 2518
4008 3305
5450 7681
2477 1891
6678 2513
901 2742
554 9007
8762 8839
8685 7574
5607 9021
6266 1895
7103 6836
2870 5824
308 1741
9832 9966
2443 7513
5434 544
1309 6335
9386 4051
3242 4745
9166 7250
9936 7851
1176 6872
5119 6119
898 6743
5536 7734
5966 1360
4394 7707
1192 712
1250 5058
3156 5602
4988 3020
4868 2614
6085 386
9864 6022
8237 7393
1565 1462
2086 7685
780 8469
9820 3098
9829 566
7157 7374
1279 8407
2432 5092
4386 1604
4464 2824
7078 1811
3211 7833
7800 687
9399 5614
1875 3436
8548 3961
568 3369
9551 7052
8331 6925
5584 5709
5470 7028
95 7074
7844 5821
6250 4922
7632 5813
4568 5466
3614 5256
1217 3483
1005 4128
7498 7925
3930 7334
2017 326
7057 7487
437 6130
913 8281
8303 3516
9555 5935
9329 4123
7753 5731
5322 8524
9215 6327
9004 4253
2854 2197
6255 629
3670 6581
2646 7079
8968 7516
1450 5797
9753 7267
1704 2041
9794 5828
5892 1469
768 7796
9773 138
3433 8979
6951 5235
8168 6973
3060 4053
3489 5898
1569 4939
9650 1045
6917 5423
3086 3514
7603 5759
5515 701
6527 6289
4850 6428
3251 1632
6213 6554
3219 6627
3528 7739
9687 7581
1228 1938
5502 6168
1588 7213
8505 6651
8372 4952
5883 4131
467 2937
7010 3109
7787 9663
5889 7390
1295 2102
3945 4514
8729 7473
2253 4768
6706 9834
3260 2354
4646 8834
5919 9504
6183 7876
8359 4307
7742 5369
3768 5529
2920 9657
2679 8111
3217 7193
5799 690
4312 8448
5633 7371
1708 6894
3906 1521
9429 2828
7633 4108
7576 5376
5830 1344
905 862
3542 177
9112 3394
7087 8656
436 2968
5236 4871
339 6945
9210 8709
191 9468
230 9621
8648 2332
6538 6282
1658 2270
5458 9485
2811 5445
3027 6466
6931 5628
5705 6251
4161 6928
6139 1652
8234 1959
3974 608
7007 6864
978 5629
2788 167
5114 1951
226 4493
6432 960
6665 6112
7296 3593
9055 1458
6084 707
8942 4396
9785 5004
5860 6649
8246 2867
3979 9498
4849 3119
6017 6315
5070 1630
8786 1648
5218 1509
2514 4731
3029 324
7168 88
2487 7916
5382 2272
5273 1243
7518 462
5604 3368
5311 8723
145 1627
6153 8788
6909 6006
7723 9980
6590 9130
9361 6914
2650 9449
9402 4832
8026 9838
3708 9652
2889 7076
4553 332
2814 2532
6829 1320
1327 9039
4581 3685
3114 3665
8828 8110
8725 4031
3660 6751
3870 2439
1007 7578
6233 1048
173 8765
4229 3058
6437 5556
8449 1018
5594 1564
9998 9259
1268 8638
591 7926
3818 9316
1957 3830
2420 5827
6269 5175
9758 1597
9539 7117
7831 6939
3642 2948
1169 6700
1502 3077
404 8671
4283 6755
686 9273
3091 5494
594 3803
6921 3014
9631 3190
4542 5741
7373 433
2852 4623
8542 5904
4009 7406
765 6643
472 3872
7278 6551
8789 3286
5994 9383
7090 2915
8750 3073
2457 3292
5166 9948
3725 4376
1623 1098
5992 6246
9484 255
3964 6891
7372 6959
3715 1245
4237 1226
9037 7140
15 8676
3134 5766
6049 4501
5191 4858
7793 357
4806 7870
1085 2781
5321 4665
9027 1313
1629 5634
8588 3007
7460 604
9177 8686
8317 6317
9451 1852
5306 5626
6710 3099
2335 7869
969 9772
650 2642
4437 3956
1937 1664
8683 1023
526 6143
4830 6055
7621 2373
9884 5938
8176 689
2726 5995
4704 9094
7040 7312
6415 7963
9058 345
9366 2541
8361 1303
1224 8181
3720 7364
2962 8550
4786 7276
2 5475
7519 1470
1058 611
6916 8098
7923 9683
1263 2238
5093 5217
2583 4110
945 2115
1686 6682
6648 5406
4046 885
199 5384
5094 2660
1338 569
9014 8857
2039 72
5820 5307
4523 3744
4991 2138
5982 84
896 4918
7817 2215
3011 9503
8897 9659
4910 6897
1570 4679
3691 2705
9996 933
3653 9560
2276 3165
3257 3667
5380 2620
3170 8631
5528 9924
6003 4604
8977 2668
8295 3763
6254 7353
3759 8232
6488 5928
1840 7794
155 3735
8129 3252
9764 1796
8632 2384
1318 5613
7368 5751
5538 2896
8106 6494
1141 1989
3380 8494
5748 1613
1329 7131
4925 9869
6448 3604
5081 929
9077 1841
9934 396
7455 7302
2499 9345
198 605
5839 8424
7731 3332
413 7463
8179 9076
9508 6207
3678 411
7485 126
367 2566
7408 3576
115 6485
5418 3233
9225 2084
8570 9041
6772 5030
588 5443
8133 4308
1202 2224
9709 7965
8289 8333
8627 5697
1909 8742
8535 3679
5144 9256
5199 205
4178 5453
9246 2371
5385 2278
2959 2142
305 1199
2107 908
4947 5053
4630 5531
5085 6126
3652 4341
7677 3857
8520 3131
3103 9811
5196 5474
8597 8433
9206 1536
7409 2029
4960 4358
4136 7280
1756 6301
2334 2738
1833 7419
5216 5485
1760 2894
5694 6632
2377 8797
6444 8695
7292 5409
7198 5180
9170 1251
7210 5609
7698 6352
4914 4979
8108 1215
7313 9400
4732 8767
1237 2844
8013 9477
390 2081
2273 5438
2730 4466
7464 4263
1473 5067
7768 676
5523 4120
1942 6854
8580 9509
4167 2131
899 5251
6499 8096
8912 9783
3925 5655
1864 6198
1093 921
6463 175
5387 4438
2263 1698
9496 4139
3616 668
993 8549
6530 5161
680 1792
8291 7931
1212 6844
4426 1489
9944 6290
7211 503
119 8951
7134 910
4327 3824
3911 3792
4580 4658
8693 7462
9819 9254
2935 3657
3897 4148
6853 8324
5637 5704
4614 9677
2000 8178
6532 8472
9382 18
7808 5203
8907 7984
9115 2572
1777 3695
7230 1157
6763 2548
8826 6206
5116 6303
8503 4481
1387 1940
1322 2122
6609 6459
5724 9154
4588 5771
6384 1410
3280 3959
6395 2473
6517 9310
8136 2392
1044 5047
2991 4513
6453 4378
3842 2135
8744 2316
710 820
2600 3363
1126 2575
2385 8970
2378 1602
520 7530
1122 4927
6169 4351
5792 5891
7217 4559
2313 3335
3050 9651
2429 2251
4176 988
2199 3975
3567 6353
2719 7450
7475 4080
8431 3644
8169 5693
3513 6766
7936 730
5844 2496
3043 5631
2183 2529
4959 5233
3886 6316
4875 7727
2997 6145
8745 6577
7474 469
5009 1995
5113 8522
451 957
2947 4999
2941 1482
7529 8224
3067 8840
2110 8829
5156 3337
2909 1799
4796 556
1621 9301
9486 3127
8442 847
5122 956
9369 7759
7058 7545
8540 206
5062 5398
3524 6789
6906 6862
3625 8705
5907 9854
1475 9034
9917 3220
4156 7225
267 744
2944 2043
5127 9502
189 3713
5333 1806
575 1384
1638 553
6718 3439
3898 4545
5812 2932
814 9033
3441 7975
537 9376
3891 5178
3393 6846
559 8294
8585 6452
3316 8040
7960 34
4579 1858
5393 1142
9029 935
1472 9161
7950 3002
581 5289
1587 6505
2189 9881
7065 775
2685 904
5296 6002
5056 2388
3320 6771
4409 5065
5800 5344
3169 4012
3459 2523
5831 5300
2587 6887
3120 1128
5753 8255
5806 3009
5352 8160
8305 408
548 1433
3675 4556
4436 8934
3784 6132
5865 5653
8177 9324
1446 977
360 4033
7337 9048
4802 7811
2469 7655
4810 4555
9992 3710
3846 6125
4347 1778
6709 9955
5793 7686
6667 6178
7691 5716
5592 6870
1033 1439
2581 5446
3502 4463
1 3756
6364 4777
8487 8841
6971 7471
3033 533
8219 9946
1356 6474
5662 5399
2860 9857
3566 1793
5303 3420
6256 1657
7177 2628
6434 2096
8534 1274
4185 9960
2993 2891
1110 734
2748 3937
6842 2355
8565 8636
1244 8619
1877 224
4664 596
5568 5483
6105 2250
1595 4401
6118 8194
1487 8349
5979 4236
839 2822
9404 1068
6039 9624
9054 4540
9279 8456
4812 3623
8653 1896
5864 1123
9472 8574
100 5451
9413 5969
8273 3389
6083 4794
5780 1490
2648 320
7121 8161
5132 3622
8329 7032
6297 1952
5685 8193
2681 6808
8284 8545
2632 4997
8083 2624
966 2709
2588 6634
3755 3160
8428 1321
6728 3760
9102 1414
4095 2605
1932 2640
7637 5143
9672 4955
2014 1914
7526 854
8501 2442
9196 620
9334 5924
2140 8509
9684 1242
9923 5481
3010 370
6027 1966
6999 2051
6086 8306
8311 4352
5206 5174
3187 7648
5795 3196
8874 5472
7366 9705
9628 8608
6989 9851
9999 7779
158 4992
2713 2210
2995 5431
6990 1306
9218 990
8757 8629
4187 3983
1349 6011
9529 1168
4509 9158
8641 5509
2835 1222
3935 7827
1009 5258
1307 4004
7042 5351
1662 384
1374 4496
1913 3125
14 2949
2479 7715
7989 4025
6306 9850
1072 9373
3747 3553
8811 9019
1465 2205
722 1643
7100 316
2229 391
6402 154
2132 8881
3072 8258
3205 4144
3304 1856
875 5318
7908 1709
9592 2037
4576 9970
5489 6805
361 8468
7124 5263
601 3521
9272 3418
3079 3668
3915 2735
1618 3500
2082 2999
144 4309
8885 8533
6863 4022
5914 7224
5355 9390
6970 9737
492 8270
9507 9010
9908 5546
8863 4639
4897 7297
1041 5845
3793 1702
6940 2326
9601 6349
8983 6826
8615 8871
4357 7660
1517 4094
4504 9954
779 8077
9728 9790
4338 1626
6523 5329
5950 2369
9744 4425
1459 2070
4771 1061
9738 3742
9462 4096
7754 7331
3470 3038
7899 4225
9180 5851
289 7567
1096 9880
1066 2555
8302 8783
9968 3074
1835 9164
5577 3704
7803 1943
7174 8651
1333 1426
5080 514
3807 3934
4835 576
1642 4715
162 3018
426 131
6092 2261
4191 3416
4869 7120
9024 5818
647 4027
3503 8425
3256 4017
8440 8336
5069 8495
9904 2951
9750 4620
7638 9912
1371 43
82 9985
3438 1690
2911 4403
6573 8287
973 2315
76 9398
5571 446
8754 259
8504 6391
4538 8416
4602 463
8506 1403
1456 7769
2409 1782
2379 9108
1076 8807
9253 2697
3258 1120
5615 8364
6540 7836
6868 9283
1003 1636
9665 5541
6416 6480
7402 7819
5210 9977
6993 8708
2453 8945
7515 959
1944 3121
9 5202
7133 1976
6165 6786
4774 6082
2562 5477
9648 3901
5977 6237
8690 4685
6175 8552
6001 1673
2362 9673
2267 691
9591 6856
2729 2169
4024 7503
8251 3085
1430 7166
8562 5464
3132 539
5224 362
9635 3776
1988 7360
1802 3385
4069 1394
8250 3469
2274 5639
7343 242
2807 273
663 5374
8460 1025
6950 4447
2787 3978
2528 3490
7363 4884
6691 6419
8410 2396
5408 8309
5652 7119
5117 4811
3953 2227
903 7937
4934 7982
2298 567
3460 8989
6231 4938
7738 5997
7466 5566
4244 3427
3743 4116
999 2023
1424 8981
9099 6359
5843 350
1886 2760
4440 9231
9458 6839
1581 3276
7594 9047
4487 9162
4277 7404
5371 4372
8965 834
3545 6548
4983 8554
2203 2805
5565 442
5024 9241
6835 8300
6654 9139
6348 9768
3752 4758
493 5243
4168 5108
1354 6569
4073 9469
9057 9806
1672 1862
5063 8466
3780 7465
4492 8804
3456 2098
9893 8752
6346 6241
1589 5561
3049 3905
8805 7123
168 746
27 6659
4526 7492
1151 9682
9491 3249
444 4791
6685 9275
9859 5421
972 3199
374 7762
4066 3849
6381 1532
2258 7127
7911 8917
8006 6420
4040 2306
9670 9883
7299 8024
4534 1523
4957 8848
9222 2928
9756 3071
2200 174
9452 8784
7702 7996
7289 9752
4122 7682
7565 4520
8171 3126
9433 3128
24 5291
1399 7575
1573 9775
4473 4208
4411 1046
312 4886
1382 8722
5903 1238
3555 4074
149 8201
5776 9040
1904 4061
1116 4468
9690 2292
5340 9827
7417 6650
5242 5007
5011 9371
7446 5872
7664 1999
197 7207
4258 8323
2793 6852
6148 1437
916 5899
1282 8478
4675 4284
398 2185
890 5695
7983 286
2244 2111
4495 2855
1347 8316
4566 3227
447 8081
1504 2837
8718 9799
7512 4597
5487 4262
4320 6884
7535 8655
7170 9779
7118 4663
8986 6831
987 5664
5147 5690
123 8512
5436 9475
5278 2813
9251 3529
8944 6369
4544 1375
2874 6350
9695 1593
3635 5038
3758 3550
9500 112
2390 1012
9587 7668
6833 5778
61 371
618 5331
1265 1104
5168 5010
2109 9473
7268 4021
7433 4644
1745 1546
7538 9755
6171 8643
7383 3811
2489 2393
6356 3706
3293 3082
2903 4573
9626 3899
4827 6373
7704 1239
1594 3722
1105 8735
401 3499
1585 4930
2669 1231
5268 6701
1324 8350
9856 4919
970 4684
1057 6347
6465 8060
9017 4649
7752 3328
2988 6611
9535 4219
9281 4803
920 9505
6877 9207
849 6734
478 1820
7770 2888
9353 8827
971 3828
7413 2552
9817 9422
2061 6033
1596 5314
2751 649
612 8382
3562 2149
551 4316
9461 9083
9906 8675
8901 9328
736 1706
1713 5083
5732 6396
9610 5854
6575 9836
6245 9342
1457 8614
561 4908
9645 4898
2856 6604
4570 3496
6244 3602
2661 3437
5229 8286
3970 4571
271 816
7730 3808
3727 8880
8088 8625
8381 2658
3938 5973
6096 562
3999 1195
9229 3272
1518 152
9895 6712
7321 7976
9680 5051
5588 5130
8560 3000
5326 5659
5768 7661
2619 6058
110 3182
2593 8644
3533 7579
9840 9114
851 7710
9267 4422
2940 5075
1294 7991
4755 179
3228 2667
5505 4678
7625 8930
7298 3684
2629 6832
7684 365
5832 3876
1451 2360
3654 5937
6889 1855
3063 7068
1435 5730
8926 2703
7985 4059
6587 7025
1062 5569
3960 1290
9792 5893
7941 4368
6088 4837
8257 4010
1233 3535
1051 7994
8405 9378
4429 5648
9609 3429
6781 9322
304 8252
3352 7561
3089 5927
7945 1234
9356 7673
6759 697
3403 2698
8351 6679
8659 9813
4412 7454
2175 7761
6745 8831
6449 7083
8728 1981
4223 5018
6278 5457
9482 7486
9268 2885
8674 8318
7588 5720
7871 1389
3174 46
5503 3057
5230 2248
5049 8838
3777 8015
3061 4294
2864 9522
704 7008
8484 3589
2035 6802
3250 3741
2777 8010
5624 5834
6600 673
4450 157
9598 1296
1379 9121
5349 2083
2024 9554
4609 8635
9157 2573
6508 1934
6936 176
5508 7072
9707 6181
9178 6983
6582 5687
2055 7066
218 9149
3432 1757
6366 3709
217 5292
101 2228
4996 8756
8142 2068
8127 1477
8059 8409
5545 6767
8411 1935
1830 2120
877 7122
2337 1752
9350 2438
3100 4399
5169 1650
8893 4371
2780 7189
4782 2734
5853 1249
5585 8604
9191 4088
7716 9723
1357 3021
4457 496
1979 7219
9168 2001
8254 8529
8206 3299
8969 7253
7697 8173
6976 7301
7546 2156
6898 1798
965 3746
9319 3585
2569 2881
1660 1411
7128 6732
781 8564
3634 3093
8913 7064
4840 6892
6491 2563
4043 7658
5133 5703
7014 5578
7370 5591
6816 7511
6387 3762
2216 9145
9706 2691
4546 9182
9323 3225
6981 5280
2403 4049
2294 909
196 7872
4007 1696
9153 735
4935 2816
8314 4109
4756 9302
4977 187
1958 8434
5044 713
8835 7338
1622 900
1562 5738
9971 657
5641 5021
4766 3955
9777 9722
6065 1499
6760 2712
5784 6334
3645 3586
4845 1170
7667 6286
4140 9852
6943 1225
7354 89
6549 5897
2913 4165
967 3097
470 510
6087 1529
9552 4247
7614 9134
7196 471
2545 8034
3931 8939
4599 6167
7577 4706
2711 1543
9042 2510
1983 4383
17 9202
5510 300
7295 4449
213 2799
8064 9016
74 4288
2137 3351
5197 32
9930 5101
5118 666
6968 9615
3543 6521
7018 6342
937 5411
6462 3619
750 6380
2108 453
5651 2594
5463 6711
3559 6129
2305 3599
3893 6919
3508 6878
1872 8334
7035 2260
1528 3415
7060 7892
4470 487
8652 1181
9362 7309
2584 4230
2121 3993
9459 9749
2327 2846
2009 4115
5 4142
3726 7897
8730 9658
4668 6040
8984 5390
7907 6636
6095 3181
3778 1542
7894 1556
623 8916
1679 3237
8413 5623
1633 5744
3458 3308
2345 299
6423 2476
5593 4317
6722 1292
1887 5551
9062 4838
3862 6490
8586 5495
4056 5155
2722 3845
5882 4740
6926 9124
5547 7226
2635 2819
6321 7508
5786 9603
4848 3465
5312 4174
6277 8231
9542 2350
6468 2958
3694 5608
5223 2866
5539 4211
3402 4171
9957 9357
1158 8067
8593 8849
3176 1478
7659 180
1605 7201
3669 8474
4082 3716
9870 393
2236 351
7861 7056
151 3062
1921 3423
1082 4721
9878 1004
8304 2020
8394 7098
4954 2247
417 2016
7748 7002
9586 7900
7692 8584
4797 443
2153 9734
8202 3592
7043 8856
1103 9193
429 7401
846 8957
755 5476
3209 341
6054 8105
7477 6497
7927 8626
4014 9417
723 8473
3971 4118
7886 2827
282 8288
4035 8462
3598 290
6807 1484
7539 4268
6843 388
4344 5469
3323 8682
7155 4085
7442 1393
3265 4628
4825 3113
7583 705
996 9871
210 807
9237 7749
1427 8138
506 7840
4322 4950
3917 4222
842 8157
6883 6446
8895 3445
7481 3643
4943 501
8325 2683
382 4882
9205 9474
6775 8691
9573 7523
3939 2243
8515 9993
3827 4200
3822 6135
9043 4323
8148 8078
2609 7608
7935 8587
1206 8366
9006 4454
6529 981
2622 3850
7326 3124
6803 1153
1961 2002
1087 40
1305 3696
7214 8120
1272 8375
2225 4274
5267 2773
1714 452
2455 5822
5957 5862
714 3663
2526 8247
6261 9190
5386 2984
4206 5838
164 4645
7438 3603
6170 8153
4359 6185
2352 8711
7815 1011
347 3201
2312 5391
4554 7537
6389 4718
4975 7240
9480 5733
3425 3839
6240 8488
9644 3847
9338 3853
6069 8459
2179 5810
5089 2775
3520 3753
4518 8074
9144 2618
8450 2736
8642 7423
1002 5706
2610 7785
8607 2285
7890 9181
385 2208
8151 1285
622 6601
3810 4397
8821 5366
4194 635
4598 4659
4515 4984
1996 3243
7640 9489
8700 8404
7652 6124
318 7346
1669 7507
3578 2561
3601 488
9767 754
8541 4048
6117 7627
2862 8352
9956 6429
9184 9911
7386 9348
1730 7868
5006 9291
3919 8094
4360 2460
8005 4760
2387 6357
8033 325
7711 9678
4295 9026
976 2163
4335 9537
9770 8781
249 7160
5353 3749
3147 8063
729 9656
9833 949
7162 4712
4861 4006
1408 1178
7977 5325
679 8904
5823 5479
557 1166
257 7788
667 375
322 1501
3008 2534
2447 4622
640 2100
897 6202
5348 3990
2367 6809
9538 3034
8166 6265
8031 6019
2753 4705
9028 2515
2058 7293
1401 857
803 8703
2256 3081
73 5599
8458 8800
2275 7757
4647 8164
6574 2576
7320 3977
7431 9517
6155 9262
1883 3142
4090 8199
4455 7001
6827 1763
461 5473
1552 5173
3764 5335
950 9952
7495 1495
3378 1969
5630 8086
8809 4656
2482 6447
9661 1614
9686 703
6799 636
3733 2841
5228 8606
5580 9248
4390 8739
1538 5514
4516 1527
2483 2231
4213 9030
5896 4402
8406 2950
3895 5564
7595 4932
8057 989
2550 8602
8876 547
5305 1364
6717 9312
7812 2466
8911 1464
6172 3185
6954 5856
1687 9160
5757 4170
3381 1194
7080 8618
7853 1367
7141 4452
2492 5013
3988 4601
8771 6400
658 7867
3851 2176
5988 1397
4055 3241
7669 5522
9769 3263
8791 3805
9035 7491
6262 1787
7146 2257
6108 5014
5449 7912
7555 3139
4388 9847
7509 3110
4608 1555
1901 4445
479 4550
4175 5976
3317 9053
1493 9012
1725 984
6333 5989
9492 9367
4681 4132
1310 5160
4248 2072
870 1084
4264 7953
715 7856
6561 8748
3238 2880
4003 1498
7125 3913
7294 5718
4847 7790
5717 5226
9982 5941
192 8740
7456 3105
2162 214
1548 1114
7592 2597
8386 7452
7282 6173
2761 4491
4683 1436
6559 9612
4764 7407
1413 1330
8955 6094
8052 3152
5677 4435
7865 627
8118 7092
3538 915
7009 8699
2053 120
858 6819
2119 6323
1571 3641
6834 6967
7461 7351
5455 8830
7544 3391
3511 6830
7560 2676
1029 2341
5660 4423
5172 7665
5209 5184
1911 5805
677 9471
583 8483
1398 9512
8205 2173
2641 1558
6776 5619
7362 5750
8061 9123
681 8348
1113 2750
9602 2239
8661 8175
3479 5692
2612 8527
8087 5596
3647 8768
8769 6528
3914 931
473 8864
2368 3289
5105 6589
1950 7656
5595 2884
8004 5952
8369 9599
6044 7829
6693 2869
6158 1036
9585 7626
5836 5023
2904 4852
4392 403
4189 5193
5124 2511
9375 777
8555 4826
7777 7834
2214 4748
9841 9425
4693 4079
7889 2078
4589 3729
9759 4506
9497 2180
4250 7274
4091 4720
9868 4489
1100 1791
2836 8971
7884 3370
4228 3996
2542 515
958 7689
4863 826
3287 8947
4266 6025
1460 742
9693 2544
8808 2221
3697 4763
5675 8378
6633 9593
1485 54
4567 607
1055 6672
6028 4315
3639 1418
4754 4047
1171 5430
2504 4345
3111 6378
7933 1701
7679 4725
148 2008
2665 7414
9545 9943
343 651
7376 7674
1918 8221
2019 8998
2134 4201
1006 6063
3527 5617
5162 1086
2165 3298
8089 5465
38 571
9078 5922
764 7650
953 5414
7432 760
6617 1132
2091 9837
3705 6738
3798 3431
6156 2662
313 7852
7922 4097
3025 3515
4275 5332
1949 4915
2356 3358
8122 9152
4686 867
8818 9049
2074 6123
8937 5025
1293 3707
1779 5696
2859 6563
2161 6724
7986 4339
4971 8591
5606 861
8390 8879
4543 2762
256 1607
4829 3386
525 5107
7959 1770
8995 9327
6879 1786
3966 6374
8999 3878
5486 5361
5668 7609
8872 6194
9068 2688
9541 2994
6689 4819
498 6283
6151 6163
2088 7421
9380 5260
1300 219
621 5888
4582 3650
4207 2690
3748 639
743 6922
9579 7427
3353 5867
4348 1127
6588 4143
2682 2505
5022 6332
7150 7789
8537 4765
1064 763
348 8242
7705 8658
1598 8200
6621 706
3434 7418
8498 1035
2644 8185
6934 3390
9317 1831
7086 837
4792 3531
2992 6768
8908 50
3821 4404
6719 4081
6408 8888
6150 2174
6536 4005
598 7109
3789 4767
2580 4162
5140 9549
6304 1557
698 6331
9091 1236
2872 9286
9830 1753
5027 7291
6984 1146
9129 5773
1919 2077
1516 4169
9986 6974
4834 3774
2965 1070
4103 3575
3943 927
5908 7091
2073 7826
9216 9746
68 9070
6964 1547
7047 683
9814 7842
1582 9901
5999 9136
8146 4558
9200 5777
7022 338
5295 7580
3781 2512
4160 829
7804 5646
9337 3084
8282 5960
518 7472
8637 9611
7536 8737
2897 9546
4902 8499
8301 1967
5347 1584
1720 4751
6372 9093
2964 6291
7849 8342
8680 4299
9201 2651
952 3164
3618 573
684 5239
3327 103
9567 4798
3506 2990
3338 8022
8892 6708
5074 7722
8296 283
7319 9607
646 6980
4986 504
9900 4328
8482 5917
9341 8713
8594 1160
4145 7435
632 7816
1693 2710
8967 12
9414 7179
7877 9440
4119 4505
9065 440
4728 3617
9757 4783
5426 6398
9929 507
6409 4881
44 8471
6591 7573
190 3208
1511 2535
1109 6652
2902 5533
9242 220
6616 1148
274 4199
741 9389
4769 8276
4714 2767
2684 2700
8233 6824
3048 6066
9255 7183
8845 3609
1378 6975
1179 6164
767 5396
8163 822
3522 7344
9339 3928
4633 6545
7300 6583
5019 7524
6392 5375
141 9800
7315 838
8946 1655
8547 3413
2831 2475
2435 4406
6413 9018
8873 7249
4238 9780
3724 4016
9766 1299
1986 9578
2664 4018
2317 1519
9249 7863
9617 9003
5413 240
5783 1982
6337 1162
5424 5301
869 9873
8837 2159
8751 3701
9990 5059
1491 5787
3145 6596
805 6383
7746 7654
578 3908
6578 250
9963 7223
1789 2265
7758 4851
1764 4735
9589 843
3452 4942
6461 8990
9392 2899
9596 3149
7887 4373
955 6806
9729 458
1545 8741
8216 5804
5248 9536
5401 8398
9688 2946
6363 3621
4154 8322
4563 3883
7549 2980
8191 2446
9437 5135
9862 5171
845 6152
6658 6209
9708 1342
7924 8020
833 7252
812 2333
9155 1351
9064 7732
1579 8803
3633 5435
6268 7643
1301 4804
4807 9051
7978 5761
794 5190
3414 7979
2625 231
3180 278
4337 995
3646 682
2280 3491
5961 5530
2490 9126
5294 2540
8575 3636
531 6197
1908 8308
1751 1540
5417 7622
8007 3070
4717 8363
4759 9544
409 3422
8053 2695
2412 513
5902 626
1749 5691
6552 4054
2861 1022
9796 4257
3554 2766
7534 4067
5179 5480
9147 9662
3261 818
6377 6043
5131 4367
7921 4231
9271 860
4894 3985
3388 1930
7063 9913
5412 8043
5439 2893
1816 2716
7261 3300
637 2571
1497 2739
2908 4885
6407 9660
1590 5575
1733 5506
5525 9214
3607 4304
671 6907
9762 9142
8891 2694
9581 6382
5288 8116
1682 7245
9974 2308
3596 1851
2277 7843
1742 7693
8085 884
7928 6825
203 2613
5670 9858
3455 2823
7837 7736
6714 92
1894 4485
1729 9905
634 4424
5747 4089
9595 8069
9284 3473
9918 8095
9867 4197
7520 5035
6845 7694
1269 1575
1161 7981
1372 1455
4340 5819
7973 98
4497 6144
314 8867
7564 6411
3412 752
7663 6756
3206 8772
6791 4916
3457 1221
1879 6077
878 7629
2226 6365
3361 3718
428 457
6424 6360
9263 5815
8997 9087
8017 9842
6222 9995
3884 4519
5920 4232
9638 6418
7821 9809
7782 1047
8790 2596
8928 6788
6109 8710
7067 7258
2192 3155
6794 602
8932 9845
295 9860
6114 2559
4929 7238
652 718
8238 7728
7756 1165
994 840
4691 221
8239 4551
1335 2900
529 6949
8230 1882
8952 5772
9294 8920
460 9914
7106 3195
3232 5345
1115 2207
6893 797
7562 2921
9117 7532
4130 727
8858 3772
5940 5971
5227 8211
4057 2789
6042 3253
606 699
9724 7286
661 3950
1897 8521
1203 7175
99 1275
2459 3947
3610 9786
5152 9530
4535 5488
2798 8062
8953 7405
8345 3594
9961 2942
6952 7740
1586 8457
6225 1083
1826 2840
3424 6938
97 1129
8126 7263
5550 5377
3861 9716
3882 9107
4336 1317
7257 1898
315 5020
1438 397
3341 7202
7437 9397
5106 85
7611 8335
4075 1931
1695 3407
4301 1173
311 4092
5428 7881
7830 4441
2012 4648
8724 1561
3492 8244
1539 3783
96 6564
7348 534
7528 8859
2956 8198
7138 8624
372 508
2241 9127
5259 9009
8964 8753
8664 5848
802 4632
1175 8035
7969 8082
9975 211
5207 5234
9802 9321
7706 7482
6273 2114
3921 5317
7030 3544
3346 1790
8854 1207
3819 9710
5266 4631
1453 580
7088 5910
1253 1119
7144 6436
2321 5087
4013 4995
8016 4444
1377 3613
125 2849
8759 490
53 2782
5965 9978
6239 8569
5448 6329
1073 4356
5163 52
2448 1054
5944 3648
4921 8583
6248 587
4287 8048
2090 5142
430 5683
4202 7108
8924 1220
6064 7724
3367 2922
597 2233
7929 2830
127 5701
6097 5719
3186 6673
5948 6681
4419 1182
2801 317
8898 7784
6242 3900
9984 6052
1568 3017
137 6101
7653 8338
9230 2141
8810 6113
7082 8343
7335 5835
8125 6688
9649 4310
31 4931
5432 6910
2471 4662
1323 8538
4651 6660
7598 5420
7264 6507
9559 6116
160 2631
9239 3831
4680 4442
4949 709
5544 3582
90 2160
5316 8071
1432 3295
2906 8377
7220 6345
753 2803
4458 985
2255 4878
7281 5046
2065 9163
8128 1700
8987 856
5327 738
2585 1723
8192 8875
9622 4859
204 4920
4209 8734
6558 9548
6613 7675
4261 7571
6908 4104
3193 7215
4272 6668
7848 172
523 813
5895 9742
9276 9889
7382 4584
1337 7069
1063 9167
9973 8051
6249 8902
9377 7678
5570 1807
146 7327
8563 2687
7114 2952
1854 5526
4343 8184
6024 9937
4282 2553
2038 1396
2914 7998
4695 7339
2890 9825
4313 8215
2062 4976
7049 1814
8825 6226
6675 4015
6498 5740
2649 2783
6180 4300
8104 6610
3541 954
1769 6695
8819 7906
6460 2525
9000 3056
4993 2533
4629 1092
2957 6956
4727 1821
132 5643
2797 5240
2981 4326
8123 3534
5674 6905
6570 8321
8513 9669
2467 1152
6493 2152
819 5686
3809 5077
2601 2675
1783 475
923 6795
8931 3214
9839 1232
2863 7940
8271 7229
425 6133
9428 5802
9393 1670
2089 4676
2474 6961
5099 5337
9630 9521
642 3024
5873 93
7772 3102
1211 6818
2901 6639
9110 2531
8101 688
7955 4037
2463 6946
1917 3247
9269 8679
8012 4041
1727 9674
6 9069
4100 7232
4617 1030
7269 1260
3879 207
1992 7132
3461 6390
4713 6904
4205 4626
717 2206
364 4393
11 3785
1535 8663
5925 6299
4857 6779
5774 275
8261 5933
4084 892
8229 2268
6644 9349
71 630
7186 1392
8113 3556
9483 3244
407 3485
1027 6876
2417 6593
1837 9456
3167 6642
4892 2262
9002 832
9745 8514
2026 1637
4583 6979
9983 3680
2449 1454
6572 733
2833 2796
7182 8668
1241 6777
170 7990
4969 3813
7394 233
1466 873
3178 5383
9135 2655
9939 6726
1870 1077
2196 9463
836 3518
1336 5444
8312 9187
5492 8328
1735 7854
5557 3371
5277 66
5437 7613
721 5104
9499 9488
1284 4179
8444 1514
4862 3826
8743 139
8634 1754
6208 5763
3844 3629
3215 7053
1750 5498
3835 808
8502 9086
7683 1442
8485 5012
6595 4698
4707 3382
696 4058
6953 8850
8228 1767
811 8277
1019 4125
8746 342
9270 4846
9454 7499
3443 4842
9731 1340
8553 8279
9370 3399
495 4612
6228 1016
3816 9925
751 4135
5723 8262
3356 335
5170 1980
4809 1507
2426 1280
2672 3632
9726 9572
3794 7314
8836 1803
3924 9277
9569 8862
4872 2006
7021 5672
9515 2424
6478 3801
459 6450
5215 7410
6190 8906
4801 9185
1699 5661
9131 8646
6963 5400
9846 615
5016 4377
2418 8960
8091 1905
5220 3664
1526 7822
9309 2740
9702 2812
4896 9074
3235 4618
9979 2252
1592 5341
5304 1415
1271 108
5315 565
7148 8812
7027 5462
1503 8776
2955 5045
489 9941
7089 3282
6522 6496
2282 936
8949 9826
7533 3969
2637 3137
2075 8905
6615 1111
693 3814
2302 4479
7031 3790
9747 8855
5663 3631
7104 3693
517 9143
13 4855
3661 9527
9306 2929
9931 9791
4600 2728
5756 6470
6218 6978
3275 6669
4928 1667
1252 1494
2125 491
4696 564
3766 5946
1748 3834
1797 2370
7596 914
6271 6012
8389 4887
9444 1094
5214 7584
9935 9616
477 675
5071 7016
9958 4963
9197 5153
911 6009
5945 3477
3373 8293
9513 2804
8887 4749
3144 694
2456 5373
248 9816
277 8490
8391 330
1145 9885
986 8882
7690 7318
7649 6007
4331 1391
527 1013
8025 2264
5990 3236
2486 6188
516 991
1483 5559
8274 1734
8613 6368
2500 6638
3967 1095
9490 9243
2829 7795
6260 4186
9967 7046
3588 8226
8975 7958
6915 4813
7218 1102
1069 1726
4193 3344
7434 1815
5392 4770
337 8268
5151 1785
7947 7905
1997 4221
3608 6375
8119 2898
9588 5729
1091 2970
8738 6542
2543 8539
8140 2021
9808 7081
4906 1610
6758 5658
8241 7774
2733 2323
5512 8622
1684 3721
1060 3734
1326 6848
7101 140
2495 1235
5542 264
9111 8072
638 1246
6403 212
7799 6394
1794 3530
784 3736
695 1334
1133 519
9346 3359
4978 1180
58 9788
3239 1987
6339 5447
3557 6203
4427 3630
7920 3659
5890 5125
2786 3322
8014 57
5877 7895
39 1014
5287 6571
7054 4607
7607 2187
4259 3933
7180 2934
2441 223
6539 8795
6330 5737
4937 8672
7378 9297
7205 4265
2692 7239
8706 5493
209 1691
55 1553
2842 9169
8032 9260
2598 6995
1829 641
2195 782
5037 7381
3088 3372
9189 3838
4692 2927
5590 7505
8972 5145
4028 7957
5876 8566
5057 8844
9410 9344
5000 8623
1370 1645
8408 7093
6051 2117
6850 3505
2349 8720
3039 4416
9464 104
2071 262
6219 8461
9220 5272
8996 886
4334 9467
1520 2741
8994 9703
1052 9600
7350 3820
1641 3564
9384 8049
6512 1772
8158 1204
7260 4536
4793 268
281 2143
4083 4000
3374 3384
8692 6849
9835 3856
4405 749
7285 1665
6598 285
30 2983
1350 8681
8956 1697
8267 6697
9902 9430
9128 7807
3216 1345
3207 4880
3770 4904
4752 5265
5052 3019
6785 8978
4592 2520
5833 297
1715 6467
3627 844
4034 5338
5095 1892
6140 5611
7601 7634
9212 5164
776 810
8117 1205
4042 7329
1363 4319
3497 9563
769 665
4831 6874
5721 1343
4641 9896
1183 9919
3157 5001
6828 8599
3042 9679
5097 1674
3013 1994
9776 5618
5986 2560
778 7059
8187 2164
7932 4889
975 5460
2969 9571
1078 7846
3296 7896
8519 8209
222 8866
9951 5232
2972 201
5073 6193
1881 4967
6288 2960
5211 3728
1261 2076
9213 2966
3408 2204
1402 6686
8525 8958
5855 8029
3922 9388
6091 6031
8099 1422
296 7178
1428 7389
1090 2198
8666 4417
6929 9219
2303 7864
9481 3141
4808 5499
3474 7457
947 7553
2975 2579
7967 4981
8551 4370
8217 1112
1761 1230
9258 7835
8865 8950
7445 8660
5680 1880
5055 8662
7589 3595
6871 7187
1373 912
4385 7159
6537 7914
4965 6422
5148 2752
7167 8910
7743 2977
535 8124
555 1929
4395 6557
823 5868
4107 7444
6013 8278
4147 9927
9907 4936
1409 7874
7919 4530
2857 6162
2126 7451
2847 4256
8023 1842
373 8292
4029 2468
841 6821
2217 1963
1137 1172
6702 6840
7582 8075
6896 3717
2286 5779
645 8761
3791 9921
7966 3224
4701 8523
1876 4933
9174 5760
4380 8313
56 2004
7709 558
5870 1631
2809 5504
3867 1101
8050 4508
827 8727
2437 6045
6340 6784
2359 7194
8665 5134
3184 2636
6903 8966
8131 9594
9625 5204
4569 8147
3116 4106
5261 1150
4408 9066
6005 3731
1288 6305
6656 9435
4521 3319
6338 2401
7488 6562
6800 3004
4292 5290
79 7850
9036 3398
3628 6608
5625 772
6748 8320
1661 2213
3773 5415
2394 5358
9159 5794
5600 8732
4625 6506
5270 8778
292 4177
1297 6430
1946 3271
7095 2366
6385 2184
1524 6565
5861 3926
9025 9188
4249 9330
1369 8816
7558 3055
4761 3410
3076 2040
3297 2488
3574 2674
6585 8489
4233 3615
4407 6471
2521 7828
6886 4195
9336 5587
3 1984
5222 5279
7490 7254
1739 824
394 1640
8806 9195
3123 879
8134 8370
7208 7741
3579 7832
1286 4738
9085 1615
6855 2643
5863 1404
166 6136
1471 1817
5247 6405
5657 1149
5621 1646
7557 1388
9866 5943
7747 3848
5725 9987
4828 4475
5521 1956
2656 124
5632 9844
122 377
1718 7773
9407 2843
6544 3302
6204 6676
6520 7347
6401 6924
7866 4152
7556 2708
3112 468
5875 153
8019 3467
2723 7591
1267 3365
6930 7547
1258 891
2757 6838
9372 185
4953 2322
9642 8922
1948 9097
8988 7156
8929 3426
3537 7356
7422 1868
2506 1208
7361 6320
4078 1067
9314 3022
2912 4285
8936 7358
7164 7006
2123 625
9100 852
6762 4478
3466 5490
8 7797
4532 4961
7951 9470
1563 263
1812 6048
8368 1443
8376 6227
2484 1578
4565 2030
2188 9023
7397 8903
7391 6699
5767 9340
1008 4670
7233 2502
5357 1685
2785 280
8065 560
431 6102
3200 3682
7497 1075
1028 9994
4874 4734
5993 9438
3068 8755
2223 9315
6737 653
1522 2319
7112 6358
402 6692
7345 8421
6443 3397
9432 2754
4434 3832
6516 9192
4451 4564
2291 8414
200 6918
6388 9374
8399 4757
3949 8056
8344 9997
7396 8770
3345 8235
4499 9257
8820 7566
5497 592
5589 6182
6866 5858
422 8307
2404 2052
2519 418
7726 9150
62 1240
7548 9888
7266 1692
3274 5176
8454 9899
3162 9646
3016 3923
2838 6456
6500 1015
6192 2168
5115 3059
1000 1912
3702 4605
5921 3078
8616 8441
1609 9335
51 5939
5285 3986
979 6553
951 5254
9920 8055
3649 4182
9096 9020
5091 6076
6750 3463
6253 6787
8154 1890
2731 4498
9629 2769
8285 8152
6230 6341
8383 536
5394 1302
8245 1185
1381 3006
5079 8611
7712 6941
7610 5803
889 3284
171 1071
4853 5974
2415 5461
7616 4781
2440 5213
147 2027
9804 7570
8571 8092
4703 4070
4585 2423
3981 5837
9436 8417
6793 6873
8018 9311
1975 7147
2028 1390
2756 6122
8620 4815
9266 8590
7325 9244
7447 3918
4726 1707
9208 4606
6010 9928
5576 4655
2421 2320
3998 5297
1925 8180
8610 3581
3775 4956
2663 3234
4477 195
9891 1348
1444 3501
2139 2478
3656 6851
4180 8203
7305 4138
1580 4702
4525 1900
5103 4638
6399 5276
2177 1189
3197 9391
3064 3396
9290 2567
1843 5715
1971 6458
2464 9423
9122 8508
9875 2590
2916 4280
8066 6050
5029 1654
4346 3498
7510 6727
9643 3379
2405 7015
1974 448
5610 5200
94 1480
4762 9887
6472 5636
1434 143
4891 1038
7964 3941
8650 2702
2895 8097
9455 3750
2743 7745
8601 253
8780 1765
4467 5360
9739 8436
8021 23
4778 883
4747 2791
8670 7541
202 1407
7913 6319
614 7559
3411 4611
9991 674
163 9360
9519 3829
1400 2717
5742 2103
1020 9408
8371 5031
5429 369
9696 1746
298 5923
2853 8823
5354 938
783 8437
3047 4627
3929 5807
4689 6098
1566 5252
9409 7377
2166 5078
4723 4637
7639 6796
1717 8749
8719 9095
8172 786
8225 4101
3288 7026
6115 7961
5909 3687
944 1599
134 4711
7999 2454
5192 4157
9088 7039
3688 5985
740 2351
6620 5076
6747 1196
5072 4087
3904 4671
387 6698
4673 685
7013 1291
7995 9633
3916 7504
6041 5364
2795 3350
4243 6279
2451 6232
6599 4867
7023 9945
9608 4511
6504 6895
6605 9296
8712 8114
5516 9849
8422 4086
7029 7760
6630 1839
8038 2821
454 2063
5066 3885
5282 4240
5467 7036
5440 4446
8497 5274
902 4503
2721 234
4973 1953
7019 7209
6911 4587
3454 759
9898 7857
9412 2825
5313 4799
7136 8432
9926 1832
8365 874
3740 9894
8326 5567
4529 6015
6300 5128
9691 1383
9282 4369
4744 6177
2310 244
7169 6284
8532 7195
5852 9700
9351 70
7330 8852
5136 8961
3143 7415
2112 2509
1353 3980
5454 7259
8380 2517
6576 5901
3495 964
6525 5255
524 3405
3129 3487
3146 4962
6888 5039
9209 1915
1452 7135
9717 319
6121 238
4785 6780
1508 87
419 3223
585 480
3745 9265
8464 8009
6531 8517
2938 4486
4512 7369
1081 5597
8155 261
3551 241
2764 4788
6704 6326
5601 7671
1968 2287
4311 5981
3444 2419
6093 6174
5814 8102
7898 7265
5635 5043
998 3690
887 2171
5788 831
9940 5403
628 7222
6606 4940
2124 4502
4235 8802
6484 731
4510 1677
2044 3874
9565 4296
6004 6090
9298 538
9307 4907
3806 293
7012 9352
7883 9681
2558 9395
363 3092
3471 3869
5367 9518
9387 2611
5958 6235
5249 9233
2720 412
65 5560
7048 2127
3045 3936
6519 1857
9564 7242
6584 3387
2147 6865
4772 7469
4290 8182
6186 2450
336 1970
6515 1200
8165 7708
2186 9132
6815 294
8266 7185
2462 9812
6200 9725
1923 3480
5188 9326
9138 6547
6445 83
80 5996
5250 2220
4901 7786
6128 9120
6770 8777
8479 5365
4077 9247
6393 9234
8427 7502
6134 9050
4574 2411
4917 7115
4099 9558
8388 1248
8272 7161
3231 3692
8084 7792
3605 3738
252 4448
3577 5339
5302 8373
7412 9516
5221 5699
4948 9915
7038 5678
3262 6457
4050 9179
4431 109
9332 3404
6057 2380
2917 6867
716 7551
2568 8518
4615 4557
3859 7763
8785 7107
9487 4045
9165 7635
4410 8963
4640 9743
918 8397
4548 6435
7020 2046
2848 2069
216 3478
6677 2737
2494 8900
6026 3558
7954 3122
2363 8654
2745 1885
4330 2254
8763 1097
9318 3003
9038 4603
6988 3148
4912 6104
5755 7615
3310 6885
1572 1651
8068 3880
7352 8940
3339 102
128 4549
2592 545
9363 5707
8346 3539
2924 3194
9760 3584
9203 6664
5309 586
9420 7880
7075 7600
7284 5579
7231 2936
5362 1341
9933 3965
215 9320
6081 5746
321 4002
4860 1676
67 3266
5942 7617
2436 5775
7949 4111
307 5537
1808 194
3573 2973
9089 5182
5183 7324
8156 724
7212 331
9843 4958
2925 1681
499 1823
3889 521
9278 6769
6047 9071
2808 2832
6619 1551
2193 3306
4363 2930
3840 8696
748 1510
5581 2066
9876 7620
5586 2057
35 6811
6858 7204
745 9524
6730 2128
7875 4970
5798 2067
9405 3788
9442 5397
974 494
3355 1223
5627 1281
9008 2190
3094 5524
876 2653
2297 6631
4688 1611
6972 720
1034 5752
1143 5929
3892 376
6612 2802
7400 6292
3203 8491
1863 2413
8360 5676
9580 6071
392 1762
8476 4944
5102 1010
9713 6965
4652 2834
3795 4020
6942 9582
8592 4127
4946 505
6056 450
8080 5346
4365 7631
3333 6541
5519 8463
540 4800
2582 6725
5656 5954
791 3069
3395 1719
288 6451
7980 4667
5231 5088
2996 1193
9676 3517
2130 60
2465 9365
5405 5501
4709 5410
9718 6313
4945 9288
2408 6179
2389 4990
2878 5238
4903 570
5645 7527
8141 7255
6629 2452
5789 8170
6221 7781
6986 2606
593 1576
2032 6899
9654 5201
2982 549
5496 8438
8787 8526
2234 183
169 7099
7484 6927
8076 5713
8259 3377
445 662
2283 8688
476 3442
5905 3254
4911 1740
6713 7972
7341 8605
8747 619
6036 4966
6765 589
3202 6276
7612 3787
3083 6438
3115 2839
3324 2410
3655 670
5583 8572
0 6623
3406 8339
1972 2907
8041 5998
2546 6626
8976 9671
130 6783
1947 1247
3804 7802
6211 5638
8496 3896
4026 1365
6106 9692
5673 7425
880 1492
5640 3036
4384 6238
932 1577
3987 1884
4822 7005
992 2212
2967 3248
5137 6594
8358 6068
4750 9063
9694 6913
1850 4465
1703 3676
6034 2145
5605 2877
4134 1227
5916 3865
8144 6614
2444 6281
5984 6861
2300 8337
1827 4212
893 9005
574 8149
1053 5500
3800 4173
8628 8657
6023 8577
9697 334
917 2577
8733 9735
7085 4215
106 8429
1039 9732
6431 4994
1889 1766
737 3817
7332 9824
946 7806
9890 4824
306 1219
3453 6757
3855 353
8543 6511
2607 4677
9479 3028
7696 3161
2422 789
654 8582
6742 4913
8985 9252
1861 6662
5389 3075
4124 3189
188 8374
3138 3330
9584 9797
4490 6062
8794 9949
4972 766
6503 5320
6994 8212
1463 1214
9637 1998
2986 3591
3571 8008
7645 2398
4117 4245
3154 5356
7798 1933
9419 2794
5849 3523
2151 5572
4126 9424
613 9818
6555 3600
1256 5402
3255 9221
1032 1549
6935 9236
3548 9061
3997 4876
4329 7543
2383 6142
5842 3246
3229 3952
3158 5857
5482 9886
6355 8886
465 943
7943 3989
3992 5968
8439 2974
5368 2003
5671 5949
6622 9778
6991 9106
5975 603
3796 7221
8847 6735
6298 9011
1425 3590
5840 8715
563 6410
9543 8159
7084 3494
3259 1154
7676 3871
9821 1191
9261 2654
7860 4210
9109 1910
1663 7780
9176 2430
1907 1080
8174 9903
2309 3888
3507 7956
4888 5702
3769 7458
5679 4269
1554 9576
5507 3313
9056 2133
9553 7441
9141 3290
9501 6021
4374 9073
7094 3428
7003 4303
6263 5616
3626 1544
8704 2172
9938 6257
1319 3080
2953 3448
6075 6184
5054 4387
8962 3136
7644 1481
3948 7479
8869 3334
3409 441
6513 5061
9204 3486
9675 4700
424 1167
5951 2886
8578 9354
1634 6492
1755 1888
9784 8528
6421 8037
5129 9597
2034 2348
9067 3023
5894 4578
8774 410
2715 4951
1043 2758
5918 8011
9959 7111
5041 4561
1866 9394
7719 4613
2269 1262
8220 7666
2434 482
2395 4333
8379 785
8058 4654
9453 2549
610 3700
6433 762
2022 4968
6501 4001
3052 4382
3549 2406
8559 7440
4318 6059
3881 5700
2626 1916
1024 3035
1874 7737
4227 1616
9632 6312
5363 8909
830 7459
5682 4524
4998 4183
1583 6933
7070 5765
546 5427
2011 2557
4687 3666
9101 1447
8070 2815
7287 6038
1339 3303
7429 7303
1042 7904
2167 6149
3101 3587
1847 2094
9359 6053
1229 6243
8210 8214
2673 8385
9540 5381
1328 3041
1993 432
4500 1844
7879 1603
1639 4063
9075 8340
6671 3799
7395 6295
5286 7235
6293 3972
4905 4252
5745 8046
2508 828
3177 423
9720 6901
6217 3836
6859 3362
9787 692
1788 9962
7192 9426
2357 1531
925 7416
1743 2080
3825 4987
7733 1395
4790 8443
5036 7855
5511 1644
8001 3894
1385 6739
405 3866
8884 4661
930 5727
1736 1277
3188 3951
756 6514
5959 4716
5642 4879
8530 7244
6196 7200
5422 9194
8188 7153
8143 6736
5141 7034
6046 7304
7328 2919
4181 2397
3264 4217
6110 6624
3640 9368
795 7506
8197 4418
7283 4113
2565 5518
8890 1314
302 6236
8132 4102
9583 7375
7 8079
3269 5293
7158 8395
9557 7439
9211 7073
7714 2470
962 5433
9227 4873
3689 2386
1017 7801
4621 1962
5269 2979
1218 7776
9575 7308
8426 8760
8420 9892
7273 672
5932 6210
4722 2428
9293 3568
9457 1635
8925 6160
5002 5906
9116 3519
7810 1421
5915 5758
2774 6469
2826 3712
1534 7585
3095 8598
3015 7246
7143 8516
3963 5712
8435 4795
9443 3226
2344 3342
4430 5112
9223 355
7775 3270
7501 7859
7139 4779
3583 8467
2792 8923
2445 1131
5468 1380
3779 502
9199 4279
329 7489
7241 6801
1270 8003
340 5980
9465 7755
5520 352
9976 5177
4456 1124
2182 8731
7604 3782
2638 5189
438 4350
6252 3525
3686 4926
1973 8899
7151 530
1990 7190
9620 4065
7587 6948
4476 9853
7647 5874
1500 6014
2603 4203
4619 8798
9289 1287
9343 6847
484 4877
572 9510
1257 8054
2879 4153
4068 5379
4816 9098
9217 4596
3175 8481
6955 3671
4666 1818
3301 8558
5665 865
7277 1037
9292 10
7525 4413
9445 4636
3863 7310
2095 739
1496 9172
399 1978
8843 7379
3976 5841
1809 5743
4254 708
4472 5484
3837 327
2998 9403
4172 3096
6707 3560
69 7105
7426 3462
1924 8486
1795 5549
2724 8139
3572 7428
3360 8982
8477 2706
2060 6690
7494 1731
8573 8782
1541 3771
4293 5603
5425 3104
871 7838
6111 3843
1358 7522
7062 8698
5264 617
4462 1747
5785 356
552 5654
2290 4839
4893 3151
1774 2707
6479 7154
7902 6074
2556 9304
7720 7206
5219 8213
8801 5527
22 1775
9577 2085
5126 7071
284 866
9882 8633
3493 1074
9803 2727
8576 1606
8253 8260
5548 4634
3449 3166
497 9308
6406 7744
7882 3954
5850 9639
9226 4
3638 5808
577 9446
1804 9801
522 3833
2978 9119
5064 7646
2744 8914
4281 9606
6657 600
2318 3468
7563 4361
980 4895
420 5553
6723 2547
2772 7411
4324 6032
1213 1315
7662 5554
9574 2790
1574 9531
8510 9623
9771 5195
5459 1800
6070 4780
5003 20
2015 9561
3732 6214
1936 6414
9060 2817
1824 4964
378 3569
3031 5878
4286 5330
9441 1902
7145 4443
3765 7599
2211 4474
5298 2954
648 6224
4775 2851
8227 1026
6607 664
4844 2222
1476 4653
2770 5688
8933 6078
1836 3662
1805 6602
3968 3168
4909 798
2617 3357
3699 2865
2047 4528
3153 5881
982 9300
2701 8263
8697 1449
6362 16
5395 1266
5299 5710
7483 8721
7228 2776
4941 7077
3488 4381
5558 4184
3864 9198
3210 7037
4817 414
5165 9466
2106 6127
6937 136
9721 5967
2718 1368
9379 37
4076 2194
6205 7888
7934 3277
1106 9619
859 702
9947 9235
9090 4682
9416 354
7569 2242
2288 4398
1675 5342
3140 6489
3285 9079
8639 8832
1537 2693
5098 4660
4773 543
4166 825
3854 5532
9421 2759
4349 8240
5028 4841
5736 6189
7336 2530
2056 4982
8103 2304
8402 8480
5667 455
178 2765
3348 8507
6272 5452
8400 383
6716 9525
9418 2905
8717 1065
2591 9666
2209 3563
678 3852
4650 6285
3281 1515
3673 4864
3873 9280
6138 3890
2105 2850
9013 9113
9534 4321
9082 2331
9347 309
2155 7288
3815 427
6731 6029
1366 7873
8269 2858
3172 4298
4151 6556
8860 7184
5205 7952
1922 6154
2113 8954
3812 8341
6966 7430
7476 7695
8430 4742
2342 4314
5956 4071
1828 3446
7365 6912
1737 5809
2295 1254
7470 9655
5926 4821
9965 6454
758 6201
4547 4421
5708 1689
8677 3957
4572 9701
8452 983
6741 2307
2574 9879
2704 5866
1311 5574
511 2677
5728 3179
5880 3198
121 135
333 9493
790 2923
2647 963
6778 2699
7453 1867
7586 5666
3349 116
1416 500
2498 9250
5158 9032
4190 4856
7713 4741
7340 6425
5769 4746
3065 4159
7701 3447
1773 5964
9556 1859
4150 8974
9299 757
961 4306
3737 2170
9719 6841
5931 6729
3087 6223
2963 5241
6275 366
8109 3651
6427 7323
9532 6645
1144 7903
3032 41
9763 1276
5372 3221
251 2219
1716 4541
2407 7045
4271 4362
9022 269
8243 6982
5060 3053
6274 3982
8403 481
1186 7670
8793 6371
2845 5324
1964 1140
3991 6860
4052 1822
9460 5517
5442 9810
7917 9381
6837 3612
4527 229
4818 6749
6166 2539
1486 5912
5225 5825
2461 33
1164 193
6361 6259
6314 1865
5284 5084
2181 882
6037 7171
9401 6080
4657 9640
7279 2961
8992 8280
8673 5187
2604 8445
1216 4038
7901 4784
7480 5782
1801 806
6797 4325
4488 3183
4522 227
4146 4060
1445 2339
3475 2431
1331 6482
8465 6220
7597 3354
895 3001
3117 6020
3504 3907
6546 1136
1049 7751
9224 3268
2372 380
9240 7449
4220 4733
2391 1649
1130 4246
8189 4595
1939 7011
6308 77
9568 1289
7050 4539
532 4273
1625 3674
7910 272
474 9714
2054 3730
6195 1758
5535 9364
7818 8853
7165 3482
7316 6518
7061 9751
6653 9431
6147 1617
6628 6280
26 9828
8921 9264
6902 6655
8792 7809
8319 609
2602 4494
2918 7771
8204 4032
3421 3698
2458 6476
9795 1429
8822 8846
2018 7051
1040 9303
25 7137
5086 243
5040 8453
4669 395
7387 3171
1848 3037
3130 8766
3512 6992
7129 1813
247 239
406 8579
9148 4112
2033 2136
1059 6641
5555 9798
3107 6322
9618 1960
7718 8758
6790 2150
4577 6720
1620 8883
5953 8222
6187 4480
5649 2343
4854 6932
5416 9861
7248 7750
8186 9562
6568 5647
7909 6603
5955 9173
3910 3912
8689 2485
1724 3995
7359 8298
3860 8384
821 5478
7572 7097
6510 3540
7823 2079
8367 8423
6258 421
6869 9848
270 8030
8249 6412
2871 6670
1056 7946
5146 2680
1118 5770
