100
73 3319
971 626 983 782 556 50 23 351 507 149 532 803 434 325 259 520 5 582 864 924 427 291 555 372 686 828 331 686 262 486 844 232 111 516 704 358 256 417 709 763 566 240 565 691 256 825 901 952 96 764 565 213 745 811 585 121 328 917 807 280 402 340 202 203 546 907 251 803 13 960 255 270 891 

64 8496
837 25 861 478 121 314 734 334 750 234 610 561 562 216 367 842 308 707 43 511 943 640 453 745 344 412 691 614 993 201 574 519 917 124 998 37 128 421 61 568 655 361 128 216 577 495 748 885 892 481 86 835 812 539 269 155 641 650 769 324 851 32 843 767 

88 3935
494 284 951 246 543 605 607 671 511 875 166 258 449 748 430 535 272 241 764 542 396 95 191 164 419 733 196 261 189 42 792 374 16 742 620 559 347 917 230 858 791 86 807 240 524 236 465 797 477 229 28 563 14 910 417 433 642 303 694 522 345 485 896 51 918 205 611 955 121 531 502 913 307 308 843 831 234 998 317 401 917 345 964 931 255 70 363 587 

28 1907
108 408 232 694 460 840 899 761 794 711 982 987 313 288 985 155 809 219 152 126 620 69 471 274 1000 416 344 363 

11 5439
110 802 816 32 186 275 873 775 35 356 485 

26 7563
798 995 327 643 804 546 486 930 856 555 90 820 244 197 855 297 891 262 97 382 77 130 568 43 2 33 

8 8235
518 786 391 6 470 718 649 964 

12 8674
583 499 379 674 319 314 871 173 301 451 125 399 

89 1952
529 401 245 221 124 14 960 642 490 350 648 960 67 988 614 711 121 196 210 191 870 529 505 430 392 806 881 517 895 404 409 113 495 655 24 619 359 985 260 539 334 599 188 92 276 802 803 87 999 12 278 558 231 473 679 313 970 559 520 864 653 930 978 147 274 692 766 323 676 717 862 10 5 49 793 281 852 595 368 850 298 337 407 219 810 85 223 469 335 

60 5520
678 362 0 826 636 692 281 959 58 998 510 759 2 560 551 974 411 836 342 951 824 679 47 43 178 824 957 648 849 699 671 526 752 671 41 387 52 323 36 110 320 546 869 13 796 109 677 897 946 18 537 769 387 585 502 566 98 458 213 637 

47 2426
853 599 244 895 676 987 217 402 788 227 639 346 931 434 456 608 21 401 316 558 860 704 833 52 960 621 510 863 257 47 436 110 336 370 4 12 356 912 104 143 138 743 180 760 868 636 367 

96 1985
373 136 276 76 970 328 726 590 529 588 538 576 714 648 913 83 652 615 130 253 719 964 391 152 143 150 710 779 207 598 195 581 424 472 347 83 490 73 674 18 351 211 595 65 549 197 839 891 502 969 143 911 933 224 62 75 375 772 545 272 59 430 853 174 592 891 257 82 964 621 100 4 522 385 760 70 582 599 961 83 257 794 685 189 18 747 956 83 209 190 355 959 620 899 132 212 

60 1374
294 442 701 84 136 223 470 897 293 51 185 945 826 132 428 510 12 446 947 968 529 846 848 575 805 467 163 627 369 952 707 353 83 98 438 910 321 908 496 304 649 681 939 164 504 367 364 516 813 311 173 32 847 20 297 651 177 460 969 547 

92 1365
590 184 463 718 93 474 315 590 779 965 961 407 819 464 774 183 670 277 184 843 309 30 863 606 372 40 65 340 277 166 395 557 40 549 275 824 22 590 103 491 244 755 899 63 909 362 937 579 639 120 421 638 150 975 243 212 705 999 552 982 855 638 538 895 186 503 409 899 93 512 80 27 266 669 781 175 721 717 444 360 527 555 998 678 529 932 890 233 930 132 905 475 

1 1378
59 

21 4325
468 925 729 981 4 447 937 363 227 802 84 635 245 444 161 801 131 529 329 62 109 

72 8350
932 157 157 391 290 216 727 927 375 341 345 45 346 792 982 399 710 784 483 344 719 617 505 209 749 34 229 501 834 482 874 765 329 721 155 620 628 572 236 2 913 271 47 949 754 28 348 463 502 831 497 912 448 1 120 887 726 349 387 559 521 261 323 851 672 168 470 299 430 396 301 343 

7 1215
291 420 758 329 573 259 160 

68 9849
298 762 982 184 487 20 261 737 542 212 750 392 885 919 552 183 348 638 175 381 304 213 363 415 971 692 988 921 542 57 781 840 819 452 714 996 473 976 732 705 878 172 787 452 781 338 326 128 666 501 200 970 404 563 384 65 945 62 986 487 119 456 16 938 599 731 623 71 

35 2641
466 964 217 252 416 998 280 742 816 946 933 15 915 336 268 990 91 213 51 767 700 861 223 406 488 512 136 110 273 222 155 739 186 372 991 

88 8693
270 33 876 906 966 891 510 992 159 189 774 62 931 540 452 791 453 858 278 965 685 79 237 907 925 666 92 297 656 384 356 616 417 231 211 72 813 722 755 662 911 528 724 842 67 175 322 211 723 601 175 407 370 103 314 294 769 96 281 115 481 328 421 588 249 633 351 61 354 105 413 955 323 136 486 390 1 809 291 415 409 467 822 469 570 135 763 28 

13 6198
143 93 62 565 371 311 888 722 63 932 517 476 886 

33 3448
372 921 304 180 211 719 279 368 231 438 938 56 200 657 979 625 800 71 687 54 133 689 942 855 752 873 372 227 449 902 530 511 822 

59 3392
724 934 660 91 164 97 720 912 988 376 890 613 866 652 299 611 785 988 242 329 429 806 391 657 254 293 877 765 805 91 145 218 716 805 310 570 592 720 481 579 786 61 191 651 713 181 952 187 859 194 206 288 1000 598 945 944 581 511 398 

39 4675
543 294 318 37 294 888 629 13 59 207 799 120 89 139 523 270 91 710 128 285 606 416 975 203 50 918 474 252 315 240 545 548 534 863 585 518 440 904 531 

95 1884
19 309 580 158 832 850 940 231 669 224 838 775 889 731 516 806 896 768 811 135 312 358 359 865 633 877 995 536 407 184 27 116 493 607 274 15 147 214 246 816 128 774 280 17 195 796 513 90 253 324 916 255 372 274 119 696 150 805 231 557 989 949 673 171 556 637 186 703 541 433 208 360 897 178 67 91 665 580 872 918 594 787 864 657 60 983 352 210 787 273 457 465 222 820 637 

83 6376
823 170 688 946 68 738 843 246 805 624 601 75 496 209 359 282 72 15 343 54 367 243 532 641 701 997 553 520 323 20 667 146 881 45 91 639 783 624 575 278 248 176 353 434 385 712 406 457 418 439 201 785 683 423 115 73 110 668 593 433 378 951 579 258 686 361 897 158 675 472 436 613 338 479 46 723 882 143 870 299 582 761 774 

32 7976
890 27 294 247 311 727 626 261 997 574 637 357 471 795 722 633 922 335 661 90 71 73 972 214 943 961 797 703 735 751 577 624 

57 9445
561 89 598 186 40 284 761 677 641 922 161 52 244 773 387 905 864 459 978 835 363 610 486 850 2 220 601 580 534 69 450 94 849 738 972 889 21 422 255 352 343 106 405 277 880 482 181 743 631 849 267 995 458 753 844 460 973 

42 9255
196 203 180 982 51 608 953 630 630 374 575 672 407 682 76 684 251 559 555 994 189 403 951 874 551 704 718 701 366 542 431 253 746 301 234 487 909 186 808 228 250 382 

29 9731
754 667 340 4 916 895 688 796 988 639 669 538 32 76 238 88 619 359 341 54 660 575 541 569 761 38 797 701 421 

36 2642
865 54 387 560 970 972 938 765 959 576 124 186 298 200 115 387 819 474 728 873 134 303 104 703 754 142 189 455 253 577 502 809 321 580 368 290 

20 2502
746 200 572 870 76 870 760 191 947 269 666 675 832 490 668 936 883 421 769 71 

30 4382
338 68 520 659 648 578 950 889 574 385 88 836 945 165 395 704 46 342 973 402 16 805 892 684 430 774 795 889 846 361 

71 4606
119 811 533 457 79 482 345 653 557 124 178 501 980 573 204 25 915 177 118 621 672 9 304 101 784 790 991 319 150 281 192 960 91 725 416 170 897 451 513 453 575 691 954 244 955 849 961 869 716 78 490 387 87 484 178 561 273 859 570 113 139 763 72 922 177 178 782 74 320 986 217 

99 2609
862 830 320 710 790 189 115 868 369 192 645 853 370 206 126 920 776 239 749 228 2 670 406 871 142 170 190 127 77 776 183 939 605 504 338 84 383 453 952 752 645 596 604 706 492 730 625 268 660 63 186 352 734 592 913 566 452 103 383 530 569 566 468 864 760 497 948 142 640 899 894 285 184 498 681 677 918 996 635 267 58 821 309 482 103 222 47 555 15 120 775 584 687 934 447 446 430 84 589 

42 4947
172 44 857 670 725 223 278 410 858 235 469 369 545 641 162 457 689 717 472 499 492 746 185 425 883 322 545 967 601 614 639 773 349 495 133 73 719 101 484 266 336 643 

62 6587
283 797 337 662 204 499 161 386 244 36 501 126 48 45 783 649 349 421 112 698 607 936 462 15 36 636 281 372 278 607 253 251 93 280 604 297 780 765 373 23 491 564 841 540 299 313 879 649 735 681 36 31 616 498 46 652 824 17 24 792 624 968 

90 3090
247 337 705 26 792 769 741 282 332 581 512 632 584 81 971 318 762 6 39 378 195 776 720 709 794 434 501 107 401 234 515 339 571 911 365 362 679 796 334 701 66 847 22 651 618 993 659 379 690 699 447 575 474 167 283 958 291 474 65 693 708 270 31 969 180 86 330 549 573 355 250 639 892 272 289 509 956 949 578 335 337 25 600 501 883 883 459 173 47 214 

46 5577
484 277 414 355 54 434 904 627 789 844 265 680 807 555 879 762 193 457 787 530 172 386 30 745 959 179 608 5 393 855 451 568 131 555 923 185 989 826 812 778 670 768 147 166 12 26 

16 1117
173 404 425 345 790 145 780 748 15 387 444 98 241 585 666 63 

75 2910
939 127 795 751 595 464 208 743 320 220 459 247 806 632 341 230 667 130 65 136 568 771 213 11 870 455 596 225 208 735 504 146 863 298 587 147 452 795 890 772 705 38 709 510 360 49 430 717 870 186 853 437 957 66 449 516 211 735 432 419 160 936 565 713 924 152 860 65 637 440 527 342 478 235 542 

53 3236
973 555 844 849 408 971 495 164 109 11 375 845 443 794 4 68 48 407 682 891 266 747 528 706 273 560 184 198 101 713 863 764 267 706 612 365 676 107 219 476 809 594 320 942 77 14 9 817 111 691 707 377 127 

69 7674
400 794 958 288 586 670 150 349 627 546 652 683 912 759 902 387 257 186 397 198 954 101 207 770 212 588 477 590 405 401 363 495 195 10 783 781 370 933 820 997 168 471 369 79 920 271 467 176 147 554 374 100 656 271 871 868 549 37 147 954 438 200 448 323 210 230 794 580 853 

40 498
20 775 636 791 695 597 257 871 434 501 245 535 156 206 95 715 756 823 862 399 260 753 848 274 963 768 67 233 311 371 500 21 146 826 812 841 113 759 401 547 

50 9297
772 106 543 867 821 989 689 373 77 640 125 925 604 87 383 361 10 384 733 510 405 569 26 908 99 830 356 190 376 616 527 839 413 760 395 233 438 775 606 515 104 731 130 708 509 513 68 519 587 491 

78 5231
750 436 589 539 265 636 730 331 942 256 169 354 706 565 588 143 339 193 658 443 615 788 841 123 991 909 332 577 90 51 259 840 487 538 379 442 173 799 774 115 54 943 469 760 197 747 593 226 941 250 359 245 729 199 58 719 799 390 987 889 442 936 418 619 473 797 61 337 285 835 142 339 467 611 789 355 48 381 

41 8773
322 631 924 50 830 982 769 318 371 445 206 503 380 625 122 544 111 874 881 397 398 22 426 555 323 906 910 371 977 181 49 298 502 663 348 21 644 808 340 706 252 

86 9687
633 861 711 176 663 584 747 750 672 459 866 227 782 771 827 844 748 698 583 736 199 937 84 221 270 582 561 976 524 797 875 156 348 585 22 701 860 459 450 531 918 315 448 390 777 275 924 214 973 196 950 863 132 724 83 403 305 334 68 830 821 943 676 859 218 389 559 768 538 8 989 456 14 437 536 481 712 149 695 374 345 334 236 478 58 9 

1 2563
33 

69 9057
855 272 940 713 180 328 963 948 556 661 936 702 675 372 237 846 774 76 540 839 422 565 74 590 623 775 160 366 808 489 940 352 761 879 756 941 897 718 578 452 378 204 154 744 576 81 279 40 158 510 879 270 74 643 860 387 417 19 753 916 508 692 958 960 570 403 590 156 811 

42 9456
880 372 453 313 638 224 592 368 382 101 246 652 866 890 201 252 997 220 5 602 419 697 560 68 958 653 658 113 464 516 412 343 578 555 656 216 780 247 584 161 39 521 

17 6443
100 705 157 96 616 162 389 725 859 949 793 506 601 140 620 755 347 

86 9300
925 277 753 831 56 0 105 908 39 626 101 634 416 807 791 512 112 953 591 837 502 229 319 7 521 149 317 275 496 730 373 111 6 125 942 753 816 737 350 545 362 452 179 468 949 970 981 60 613 261 587 114 491 596 812 11 435 820 286 932 549 659 733 245 475 674 688 290 411 37 526 463 179 705 932 127 364 602 878 667 863 154 781 43 750 283 

2 2546
793 341 

36 4243
690 229 276 164 903 654 145 3 381 671 157 561 65 779 688 119 380 256 787 933 410 257 977 160 540 721 35 22 61 532 53 442 761 19 606 353 

98 7968
47 54 111 204 305 867 673 993 987 743 939 463 675 349 720 341 509 951 62 234 973 814 456 26 255 216 736 552 259 409 993 306 153 795 200 458 351 873 140 27 615 79 490 981 118 210 11 627 160 764 551 132 578 6 849 523 913 585 765 862 684 448 859 527 242 58 675 283 622 505 311 927 274 801 597 392 10 609 709 861 372 259 994 640 956 532 854 558 807 618 420 490 65 278 16 998 26 381 

83 2293
887 592 265 160 82 862 553 93 160 261 954 223 211 637 553 857 169 406 415 976 715 835 156 780 112 863 468 138 244 439 477 821 30 432 981 112 293 223 896 144 175 850 367 386 176 920 242 35 16 657 702 731 181 858 200 984 720 668 813 654 106 289 474 827 411 145 630 704 368 525 848 543 64 905 619 932 515 552 967 531 899 668 261 

92 4116
151 754 936 820 566 279 616 545 754 133 956 589 763 350 647 978 888 881 733 793 499 664 307 741 320 838 640 989 789 410 203 940 163 829 449 730 108 65 274 552 889 230 831 341 580 477 318 467 357 741 950 857 94 256 287 415 784 927 93 262 336 987 202 500 816 341 229 614 406 193 856 985 113 686 325 383 162 334 541 520 74 490 66 169 437 353 274 911 971 367 173 306 

60 7904
496 859 716 415 472 813 609 17 487 412 703 813 796 556 146 336 766 911 826 522 770 953 875 43 864 535 100 36 842 144 101 27 2 507 443 165 9 742 182 497 153 886 309 949 131 145 975 897 55 491 418 826 443 983 559 306 518 660 32 49 

19 1189
76 496 641 519 661 650 260 844 837 104 419 145 52 240 981 27 136 36 208 

52 3760
651 226 801 648 744 150 680 483 954 814 560 140 144 78 801 484 29 334 321 133 443 156 876 683 137 593 509 864 801 753 415 452 980 906 790 413 56 469 897 700 973 456 840 116 224 641 291 944 665 612 767 108 

54 7812
481 595 926 991 458 727 743 563 869 412 469 348 826 525 817 412 224 790 868 64 596 782 395 577 416 750 879 182 858 337 515 29 932 441 19 80 858 452 643 416 865 111 764 380 636 580 792 551 59 349 615 346 130 700 

81 6019
449 802 419 998 138 934 26 760 374 736 840 231 187 483 337 51 284 100 121 921 371 913 161 430 261 466 776 82 165 389 318 304 190 737 301 18 671 327 468 44 62 308 967 941 481 994 682 765 94 804 375 465 716 536 585 668 1 51 750 857 440 67 161 320 805 462 28 475 480 496 209 232 494 866 863 975 860 545 430 644 348 

44 6884
754 31 383 421 723 434 170 580 564 929 431 574 423 583 292 588 62 789 487 986 973 353 848 638 903 392 67 546 430 562 344 184 283 417 295 6 852 156 276 105 84 707 370 507 

66 6627
94 42 140 581 718 113 624 255 751 526 338 508 762 768 69 796 642 353 213 938 49 755 93 325 860 177 722 920 374 701 582 158 433 722 429 841 525 744 96 966 960 434 473 722 201 233 517 534 586 730 471 325 174 564 340 34 431 752 644 495 452 225 343 576 638 462 

13 3925
205 202 819 165 636 291 577 528 524 784 61 800 204 

66 1789
378 476 154 102 597 906 747 91 48 662 124 624 299 586 730 843 792 933 661 647 568 952 223 786 166 697 847 966 901 68 781 279 544 935 71 140 531 818 922 579 170 45 893 159 322 622 1 113 244 662 450 503 304 363 288 470 59 135 125 651 894 906 620 128 531 691 

64 3617
199 881 330 369 616 222 528 938 534 220 741 779 882 881 281 185 243 569 345 994 394 471 644 979 66 263 106 287 954 755 38 843 325 58 211 942 971 430 569 505 650 0 974 221 881 945 97 815 513 442 808 598 913 451 266 670 714 62 957 357 817 686 891 142 

93 3735
774 715 221 32 910 561 32 883 473 604 827 570 418 29 702 225 317 305 366 583 975 79 335 621 126 152 306 16 985 741 499 448 455 720 480 54 972 203 627 134 807 143 394 915 863 95 139 180 400 505 453 64 274 789 686 90 631 992 798 305 732 296 753 877 706 923 621 367 125 247 501 622 390 895 536 253 681 675 123 80 870 576 145 834 54 521 925 375 202 722 680 935 708 

99 578
413 45 122 471 861 369 972 483 450 557 18 703 237 384 826 7 944 91 843 778 837 363 702 211 566 113 582 190 511 394 381 924 439 503 394 300 563 56 783 703 613 491 405 540 565 921 547 509 702 390 286 538 753 678 440 8 481 712 198 992 105 580 915 545 773 1000 535 25 746 7 728 48 498 823 588 63 743 134 262 135 214 548 673 968 225 803 976 706 514 865 387 620 134 992 855 907 991 389 933 

94 9631
350 474 584 173 61 337 606 887 599 741 100 837 104 67 752 597 734 147 111 288 534 421 422 526 966 328 206 44 951 633 130 992 106 404 855 859 432 460 745 721 892 845 558 686 603 1000 282 26 147 83 314 681 194 426 206 159 754 103 894 395 736 23 76 532 118 931 390 550 80 825 961 972 670 208 347 963 208 630 679 355 403 683 726 598 108 623 447 552 726 341 947 151 54 713 

6 1524
643 73 412 724 588 373 

70 3980
581 733 910 479 362 588 834 765 270 250 52 68 873 500 621 288 841 257 439 585 971 812 758 613 575 860 26 163 232 412 110 504 144 711 983 196 989 507 651 259 757 704 327 319 894 638 297 424 896 426 8 866 237 456 168 813 316 195 666 238 607 776 742 441 486 415 637 475 922 978 

87 2240
371 441 377 264 79 364 378 975 790 387 530 717 843 698 219 849 893 885 87 189 351 829 630 837 243 957 1 855 935 115 913 996 247 289 260 326 653 638 991 132 715 520 850 248 908 68 96 801 644 183 680 995 12 0 521 946 957 523 491 581 328 403 577 575 693 527 591 35 855 271 168 570 481 17 818 389 776 914 880 419 788 559 413 490 559 935 435 

39 5824
616 787 165 19 53 741 402 580 21 437 125 293 295 695 774 2 202 162 779 806 732 888 593 291 301 82 540 926 208 436 763 824 223 928 843 967 358 244 237 

24 4360
362 363 667 747 136 360 949 990 138 754 721 25 37 702 16 119 933 632 327 368 84 151 281 703 

46 8428
60 619 175 130 991 537 493 347 283 630 707 922 309 535 365 29 251 402 422 267 522 354 590 539 722 674 380 3 376 64 942 127 683 116 257 363 343 751 710 626 70 107 237 69 642 292 

67 8688
695 210 851 907 564 130 445 977 804 516 980 871 580 611 998 953 727 254 315 69 695 715 385 455 512 622 524 845 914 313 427 298 213 277 895 778 97 30 444 902 546 423 772 816 33 459 768 450 403 773 519 789 177 904 243 690 215 458 224 819 461 651 808 674 619 702 141 

13 3601
585 307 277 698 769 92 421 227 550 871 631 322 79 

100 7447
673 352 570 578 500 794 397 961 444 895 325 753 596 466 469 18 742 466 295 129 235 78 551 152 628 111 783 641 191 892 831 864 935 400 442 434 884 529 85 17 113 410 771 709 566 930 727 307 395 713 437 630 481 678 783 108 789 255 439 670 838 269 534 772 359 666 205 242 885 290 260 998 390 721 396 957 650 814 954 44 526 80 365 697 758 838 495 237 92 935 907 930 203 130 391 253 486 597 185 370 

51 2505
57 968 856 454 614 505 958 567 240 173 648 605 870 95 442 364 22 224 298 930 154 192 750 545 445 236 832 320 296 99 456 44 757 311 188 370 817 145 627 56 318 965 351 187 751 483 551 773 707 540 702 

83 1177
452 787 867 378 618 186 364 407 332 408 163 644 596 223 150 741 541 897 58 505 247 936 255 730 177 28 436 717 420 678 138 562 464 4 630 772 881 995 179 213 402 32 547 689 947 697 429 487 593 178 682 530 804 628 259 981 346 385 697 766 62 525 18 526 529 648 989 100 332 167 3 425 890 550 113 836 246 232 322 529 100 4 58 

26 1945
7 575 668 82 963 433 145 487 141 361 707 480 349 807 812 206 500 927 96 49 730 932 986 653 945 514 

48 1607
262 347 961 269 613 628 351 575 751 186 61 893 238 768 372 277 264 874 484 764 801 270 813 220 892 488 873 526 1 626 164 263 663 124 222 275 442 574 850 193 450 602 776 688 369 838 656 634 

14 9040
397 892 99 901 112 681 388 985 207 80 610 371 343 964 

56 5195
929 318 830 779 511 970 380 977 658 439 814 313 763 906 142 160 797 932 751 909 612 138 894 819 218 193 881 252 156 757 198 85 74 27 554 276 687 624 252 344 62 757 347 826 662 179 676 458 801 116 367 103 945 951 922 163 

22 6283
105 991 248 303 766 323 20 9 599 707 633 541 742 385 297 779 901 649 649 266 798 449 

21 2286
552 327 805 164 180 948 346 976 628 595 969 393 608 679 402 897 75 725 437 817 110 

58 4427
701 73 935 968 561 73 39 725 316 366 529 480 236 167 516 211 795 110 870 879 718 548 971 614 624 696 742 130 496 857 416 196 620 40 854 181 114 894 906 430 950 125 600 186 983 115 87 467 917 958 345 324 505 316 629 819 702 370 

50 2242
226 55 83 846 96 938 26 901 831 623 20 470 438 310 656 420 425 434 887 31 391 923 356 586 238 985 95 940 44 44 827 961 99 910 806 886 847 523 786 367 836 806 838 273 115 493 383 231 927 269 

86 7658
191 308 284 119 983 379 749 26 423 575 987 212 485 483 789 331 5 574 699 841 70 226 804 876 719 186 106 336 145 750 33 27 57 317 146 40 696 586 757 809 160 434 21 645 917 500 667 612 73 55 142 834 281 636 710 690 822 506 716 657 255 750 684 3 66 521 734 763 106 490 571 957 614 282 602 530 782 959 832 546 704 974 379 985 609 779 

23 8042
976 80 778 230 830 151 924 896 672 657 348 468 838 610 425 451 582 717 982 54 675 503 600 

95 916
669 52 776 138 416 587 113 496 364 33 325 205 958 912 568 614 259 35 451 559 460 903 141 867 574 195 541 76 485 609 243 153 661 710 291 768 296 94 263 350 128 279 555 85 190 122 389 139 849 841 699 999 433 840 866 6 725 96 773 209 706 707 362 56 416 344 824 402 128 778 752 256 747 997 31 627 810 421 766 348 952 154 346 384 994 211 80 718 308 543 617 704 249 980 450 

57 7546
965 757 832 742 198 88 178 886 810 805 385 921 570 733 872 725 78 946 408 981 25 817 288 569 433 682 818 102 131 173 806 95 620 638 527 819 416 705 394 225 509 779 837 770 511 708 494 279 654 592 259 369 408 237 938 842 919 

90 2624
50 309 440 836 619 77 363 437 183 758 521 98 958 299 935 727 500 333 911 780 987 502 38 45 911 276 984 442 885 119 766 625 428 205 461 46 973 514 174 155 271 385 945 228 685 879 645 875 211 555 654 888 57 383 934 658 349 607 790 233 726 555 859 844 761 9 580 423 523 444 269 484 830 213 403 204 782 47 78 684 293 423 261 350 806 885 698 154 491 487 

99 8677
41 936 440 492 945 20 606 157 154 875 332 984 778 735 878 249 472 957 933 765 69 885 805 875 769 502 719 951 679 796 857 721 732 988 903 366 698 508 214 852 72 546 526 850 971 403 99 132 49 722 588 118 606 392 683 375 585 401 15 263 888 872 674 619 549 577 675 246 775 889 98 848 124 624 697 94 717 486 918 457 899 505 265 504 587 639 569 171 39 584 125 617 146 489 926 695 756 601 942 

18 3424
730 68 995 43 455 88 760 942 696 907 840 200 863 33 788 501 603 649 

83 6064
464 848 713 954 773 408 709 63 39 930 243 769 998 237 812 453 15 261 84 712 168 614 912 30 647 389 221 940 38 451 507 192 298 219 145 71 627 855 134 356 474 67 124 472 995 626 615 10 888 699 412 746 312 13 466 959 403 687 589 131 137 95 323 436 314 159 197 632 704 21 988 177 89 112 649 774 738 954 784 315 652 886 60 

4 29
526 613 993 903 

